101 1 191 191 200 200 173 173 147 147 100 100 204 204 138 148 118 118 103 103 168 168 194 206 182 182 182 182 167 167 200 216
102 1 191 191 200 200 173 173 147 147 97 100 204 206 138 148 118 118 103 103 164 168 194 206 182 182 182 182 164 167 200 216
103 1 191 191 200 200 171 175 147 147 100 100 198 204 140 140 118 118 100 103 164 168 194 194 182 195 182 182 164 167 200 213
104 1 191 191 200 200 169 175 147 147 97 100 204 198 138 150 118 118 103 106 155 164 194 206 182 182 182 182 156 164 204 222
105 1 191 191 200 200 167 169 147 147 97 103 194 204 142 142 118 118 103 109 168 176 194 194 182 182 182 182 167 176 207 213
106 1 191 191 200 200 169 177 147 147 94 97 204 204 138 138 118 118 109 109 164 168 194 206 182 182 182 182 164 167 200 219
107 1 191 191 200 200 173 175 147 147 97 100 198 204 138 150 118 118 103 103 164 168 194 206 182 182 182 182 164 167 200 204
108 1 191 191 200 200 173 173 147 147 97 100 204 204 138 148 118 118 103 103 164 168 206 206 182 182 182 182 164 167 200 200
110 1 191 191 200 200 173 177 147 147 100 100 204 206 148 148 118 118 103 106 164 168 194 206 182 182 182 182 164 167 216 216
28 2 191 191 200 200 169 171 147 153 97 100 204 204 140 150 118 118 103 109 164 164 194 194 182 182 182 182 164 164 200 207
29 2 191 191 200 200 167 175 147 153 97 97 204 208 140 140 118 118 119 122 164 164 194 206 182 182 182 182 164 164 200 213
30 2 191 191 200 200 169 175 147 147 97 103 204 208 140 140 118 118 106 128 164 164 194 194 182 182 182 182 164 164 204 207
31 2 191 191 200 200 169 169 147 147 97 103 204 208 140 140 118 118 103 109 161 161 194 194 182 182 182 182 161 161 200 200
32 2 191 191 200 200 169 169 147 153 94 97 204 213 142 142 118 118 103 109 164 168 194 194 182 182 182 182 164 167 200 207
33 2 191 191 200 200 167 171 147 147 97 97 206 208 138 148 118 118 106 109 164 164 194 194 182 182 182 182 164 164 197 200
34 2 191 191 200 200 163 167 147 147 103 106 204 204 138 144 118 118 103 106 168 174 194 194 182 182 182 182 167 173 200 200
35 2 191 191 200 200 167 169 147 147 97 103 213 213 138 142 118 118 106 109 164 168 194 206 182 182 182 182 164 167 200 207
36 2 191 191 200 200 169 175 147 153 94 97 200 204 140 140 118 118 106 128 168 174 194 206 182 182 182 182 167 173 197 200
37 2 191 191 200 200 167 177 147 147 97 103 213 213 138 138 118 118 106 109 164 168 206 206 182 182 182 182 164 167 207 207
38 2 191 197 200 200 171 175 147 147 94 97 204 208 142 148 118 118 106 122 164 168 194 206 182 182 182 182 164 167 200 204
39 2 191 191 200 200 171 171 147 147 97 106 204 204 142 150 118 118 93 103 164 168 194 206 182 182 182 182 164 167 200 200
40 2 191 191 200 200 169 175 147 147 97 112 198 198 138 142 118 118 103 106 161 164 194 194 182 182 182 182 161 164 200 200
41 2 191 191 200 200 169 171 147 147 94 106 204 204 138 148 118 118 106 109 168 171 194 194 182 182 182 182 167 170 200 207
42 2 191 191 200 200 173 173 147 149 94 97 204 204 138 142 118 118 103 106 164 164 194 194 182 182 182 182 164 164 197 207
43 2 191 191 200 200 169 171 147 147 94 106 204 206 138 138 118 118 103 109 171 174 194 194 182 182 182 182 170 173 197 200
150 3 191 191 200 200 169 169 147 147 97 97 204 204 140 148 118 118 103 106 164 168 194 206 182 182 182 182 164 167 200 200
151 3 191 191 200 200 173 175 147 147 94 97 202 204 140 148 118 118 106 106 164 168 194 206 182 182 182 182 164 167 200 213
152 3 191 191 200 200 169 175 147 149 87 97 202 204 138 140 118 118 103 122 164 174 194 194 182 182 182 182 164 173 200 213
153 3 191 191 200 200 167 175 147 149 97 97 204 210 148 148 118 118 103 106 164 168 194 206 182 182 182 182 164 167 200 204
154 3 191 191 200 200 169 169 147 149 87 97 210 210 138 148 118 118 103 122 168 168 194 194 182 182 182 182 167 167 200 213
155 3 191 191 200 200 169 175 149 149 97 97 202 204 138 140 118 118 106 122 168 168 194 194 182 182 182 182 167 167 207 213
156 3 191 191 200 200 169 169 147 147 94 97 202 202 138 140 118 118 103 103 168 168 194 206 182 182 182 182 167 167 207 213
157 3 191 191 200 200 167 169 147 149 97 97 204 210 140 148 118 118 106 106 164 168 194 206 182 182 182 182 164 167 200 204
158 3 191 191 200 200 169 173 147 147 94 97 204 204 140 148 118 118 106 106 161 168 194 206 182 182 182 182 161 167 200 204
160 3 191 191 200 200 169 177 147 147 94 97 202 206 140 148 118 118 103 116 168 168 194 206 182 182 182 182 167 167 200 207
64 4 191 191 200 200 167 177 147 147 94 100 194 206 140 140 118 118 103 113 164 164 194 194 182 195 182 182 164 164 200 204
66 4 191 191 200 200 175 175 147 147 97 97 198 208 138 140 118 118 93 113 164 164 194 194 182 195 182 182 164 164 200 207
67 4 191 191 200 200 167 175 147 147 94 100 206 206 136 140 118 118 100 113 164 164 194 206 182 182 182 182 164 164 200 207
77 4 191 191 200 200 169 169 147 147 94 100 206 206 136 138 118 118 103 113 164 174 194 194 182 182 182 182 164 173 207 222
79 4 191 191 200 200 169 177 147 147 97 97 198 213 140 140 118 118 106 113 164 164 194 194 182 182 182 182 164 164 207 207
80 4 191 191 200 200 175 175 147 147 97 97 198 206 140 140 118 118 100 113 164 164 194 194 182 195 182 182 164 164 207 216
81 4 191 191 200 200 169 175 147 147 97 97 198 206 140 140 118 118 100 113 164 164 194 194 182 182 182 182 164 164 207 216
82 4 191 191 200 200 167 167 147 147 97 100 204 206 140 142 118 118 106 106 164 164 194 194 182 182 182 182 164 164 200 216
83 4 191 191 200 200 169 175 147 147 97 100 206 208 138 140 118 118 106 113 164 164 194 206 182 182 182 182 164 164 207 219
85 4 191 191 200 200 167 175 147 147 97 97 204 206 138 140 118 118 100 109 164 168 194 206 182 182 182 182 164 167 216 216
86 5 191 191 200 200 171 171 147 147 94 97 198 202 136 138 118 118 100 109 164 168 194 194 182 182 182 182 164 167 207 216
87 5 191 194 200 200 167 175 147 147 97 100 204 204 138 140 118 118 97 109 155 164 206 206 182 182 182 182 156 164 200 213
88 5 191 191 200 200 169 169 147 153 94 97 -9 -9 138 140 118 118 97 113 155 164 194 194 182 182 182 182 156 164 200 213
89 5 191 191 200 200 169 171 147 147 94 97 204 204 138 138 118 118 97 100 164 164 194 194 182 182 182 182 164 164 207 216
90 5 191 191 200 200 167 175 147 147 94 100 -9 -9 -9 -9 118 118 109 109 155 161 194 194 182 182 182 182 -9 -9 195 195
91 5 191 191 200 200 167 175 147 147 94 94 204 206 -9 -9 118 118 109 109 155 155 194 194 182 182 182 182 161 164 200 207
92 5 191 191 200 200 175 175 147 147 94 100 204 206 -9 -9 118 118 106 109 161 164 194 194 182 182 182 182 -9 -9 -9 -9
93 5 191 191 200 200 171 175 147 147 97 97 198 206 136 150 118 118 106 109 155 164 194 194 182 182 182 182 164 164 200 213
94 5 191 191 200 200 -9 -9 147 147 97 97 -9 -9 136 138 118 118 100 100 164 168 194 194 182 182 182 182 164 167 200 207
95 5 191 191 200 200 167 171 147 147 94 94 204 204 136 138 118 118 106 109 164 168 206 206 182 182 182 182 164 167 200 207
96 5 191 191 200 200 169 175 147 147 94 97 204 204 136 138 118 118 100 100 164 168 194 194 182 182 182 182 164 167 207 209
97 5 191 191 200 200 167 169 147 147 94 97 198 208 136 138 118 118 100 106 164 168 194 194 182 182 182 182 164 167 207 207
98 5 191 191 200 200 169 175 147 147 94 94 204 208 136 138 118 118 100 100 164 168 194 194 182 182 182 182 164 167 207 207
99 5 191 191 200 200 169 169 147 147 97 100 204 206 138 138 118 118 97 119 164 168 194 206 182 182 182 182 164 167 200 213
44 6 191 191 200 200 167 177 147 147 94 97 198 198 136 152 118 118 100 113 161 168 194 206 182 182 182 182 161 167 213 231
45 6 191 191 200 200 167 169 147 147 94 97 198 198 136 152 118 118 100 113 168 168 194 206 182 182 182 182 167 167 216 231
46 6 191 191 200 200 167 177 147 147 94 97 198 206 136 152 118 118 113 125 161 168 194 206 182 182 182 182 161 167 213 231
47 6 191 191 200 200 171 171 147 153 94 97 202 204 138 146 118 118 100 103 164 164 194 206 182 182 182 182 164 164 200 213
48 6 191 191 200 200 167 177 147 147 94 97 198 198 140 144 118 118 113 125 168 168 194 206 182 182 182 182 167 167 216 219
49 6 191 191 200 200 167 167 147 147 94 94 198 204 138 140 118 118 109 125 168 174 206 206 182 182 182 182 167 173 216 231
50 6 191 191 200 200 167 167 147 147 94 94 198 198 140 152 118 118 100 125 164 168 206 206 182 182 182 182 164 167 219 231
51 6 191 191 200 200 167 169 147 147 94 97 198 198 136 140 118 118 100 113 164 168 194 206 182 182 182 182 164 167 213 231
52 6 191 191 200 200 167 169 147 147 94 97 198 206 136 140 118 118 100 113 168 168 194 206 182 182 182 182 167 167 213 219
53 6 191 191 200 200 167 167 147 147 94 94 198 204 136 140 118 118 100 103 164 164 206 206 182 182 182 182 164 164 207 231
3 7 191 191 200 200 167 171 147 151 87 97 198 204 140 142 118 118 113 119 161 164 194 206 182 182 182 182 161 164 200 200
4 7 191 191 200 200 167 169 147 153 97 100 194 204 140 142 118 118 103 113 164 164 206 206 182 182 182 182 164 164 200 200
5 7 191 191 200 200 171 177 147 153 100 103 198 206 140 140 118 118 100 109 164 168 194 206 182 182 182 182 164 167 200 200
6 7 191 191 200 200 169 171 147 147 97 100 198 202 138 142 118 118 109 113 164 164 194 194 182 182 182 182 164 164 200 216
7 7 191 191 200 200 167 171 147 147 94 100 204 206 140 142 118 118 100 103 164 168 206 206 182 182 182 182 164 167 200 209
8 7 191 191 200 200 169 177 147 147 97 97 204 208 140 142 118 118 100 106 168 168 194 206 182 182 182 182 167 167 200 213
9 7 191 191 200 200 167 169 147 153 97 103 198 204 138 142 118 118 109 113 168 168 194 194 182 182 182 182 167 167 200 213
10 7 191 191 200 200 169 177 153 153 100 100 198 204 138 140 118 118 103 109 168 168 206 206 182 182 182 182 167 167 200 216
11 7 191 191 200 200 171 177 147 147 94 100 198 204 140 142 118 118 100 113 164 168 206 206 182 182 182 182 164 167 200 207
12 7 191 191 200 200 167 177 147 147 87 94 204 208 140 142 118 118 100 109 168 168 194 206 182 182 182 182 167 167 200 213
121 8 191 191 200 200 173 175 147 147 94 100 206 206 136 140 118 118 97 119 164 164 194 194 182 182 182 182 164 164 213 225
122 8 191 191 200 200 163 173 147 147 94 97 204 206 140 140 118 118 103 109 164 164 194 206 182 182 182 182 164 164 200 222
123 8 191 191 200 200 173 175 147 147 97 103 204 206 140 142 118 118 100 116 164 168 194 206 182 182 182 182 164 167 200 200
124 8 191 191 200 200 169 175 147 147 97 103 206 208 138 144 118 118 97 109 164 164 194 206 182 182 182 182 164 164 216 216
125 8 191 191 200 200 169 175 147 147 97 103 206 208 138 144 118 118 97 109 164 164 194 206 182 182 182 182 164 164 216 216
126 8 191 191 200 200 169 175 147 147 97 103 206 208 138 144 118 118 97 109 164 164 194 206 182 182 182 182 164 164 216 216
127 8 191 191 200 200 167 181 147 147 103 106 194 206 138 140 118 118 106 109 164 164 206 206 182 182 182 182 164 164 204 207
128 8 191 191 200 200 169 175 147 147 97 103 206 208 138 144 118 118 97 109 164 164 194 206 182 182 182 182 164 164 216 216
129 8 191 191 200 200 169 175 147 147 97 103 206 208 138 144 118 118 97 109 164 164 194 206 182 182 182 182 164 164 216 216
130 8 191 191 200 200 169 175 147 147 97 103 206 208 138 144 118 118 97 109 164 164 194 206 182 182 182 182 161 164 216 216
134 9 191 191 200 200 169 175 147 147 100 100 206 206 138 138 118 118 106 106 161 164 194 206 182 182 182 182 161 164 200 213
135 9 191 197 200 200 169 169 147 147 97 100 204 204 138 148 118 118 103 106 164 171 194 194 182 182 182 182 164 170 200 200
136 9 191 197 200 200 169 179 147 147 94 103 206 206 140 140 118 118 106 109 164 168 206 206 182 182 182 182 164 167 200 200
137 9 191 191 200 200 167 171 147 147 100 106 204 208 138 148 118 118 106 106 164 168 194 194 182 182 182 182 164 167 200 213
138 9 191 191 200 200 169 169 147 147 94 103 206 208 140 140 118 118 106 106 164 168 194 194 182 182 182 182 164 167 200 213
132 10 191 191 200 200 175 175 147 147 97 100 206 206 140 140 118 118 100 109 164 164 206 206 182 182 182 182 164 164 200 200
133 10 191 191 200 200 169 175 147 147 97 100 194 204 138 144 118 118 100 140 164 168 194 194 182 182 182 182 164 167 200 207
139 10 191 191 200 200 167 169 147 147 97 103 198 204 138 142 118 118 103 106 164 168 194 206 182 182 182 182 164 167 207 222
141 10 191 191 200 200 167 175 147 147 97 97 204 206 142 148 118 118 97 106 164 164 194 206 182 182 182 182 164 164 200 207
142 10 191 191 200 200 169 175 147 147 97 97 204 206 140 140 118 118 103 103 164 164 194 206 182 182 182 182 164 164 200 200
143 10 191 191 200 200 169 175 147 147 100 106 198 204 140 140 118 118 100 103 164 164 194 194 182 182 182 182 164 164 200 204
144 10 191 191 200 200 169 173 147 147 97 97 206 208 138 140 118 118 100 113 164 171 206 206 182 182 182 182 164 170 204 225
145 10 191 191 200 200 169 175 147 147 94 100 204 204 138 138 118 118 100 109 161 171 194 206 182 182 182 182 161 170 204 207
146 10 191 191 200 200 169 175 147 147 97 103 204 204 140 140 118 123 106 106 164 164 194 206 182 182 182 182 164 164 207 225
148 10 191 191 200 200 169 175 147 147 94 94 194 198 140 140 118 118 100 113 168 168 194 194 182 182 182 182 167 167 200 200
55 11 191 191 200 200 167 167 147 147 97 97 202 204 138 142 118 118 116 128 155 164 194 206 182 182 182 182 156 164 216 219
56 11 191 191 200 200 167 173 147 147 97 97 204 208 138 138 118 118 109 113 155 168 194 194 182 182 182 182 156 167 207 219
57 11 191 191 200 200 169 171 147 147 94 94 202 204 140 142 118 118 113 116 155 168 194 194 182 182 182 182 156 167 200 216
58 11 191 191 200 200 171 171 147 147 94 106 198 204 138 140 118 118 106 113 164 168 194 206 182 182 182 182 164 167 204 219
59 11 191 191 200 200 169 175 147 147 106 106 198 204 138 140 118 118 100 113 155 168 194 206 182 182 182 182 156 167 213 216
60 11 191 191 200 200 167 169 147 147 97 106 204 204 138 140 118 118 100 113 168 168 194 194 182 182 182 182 167 167 207 216
61 11 191 191 200 200 167 173 147 147 94 97 204 208 140 140 118 118 100 131 155 168 194 194 182 195 182 182 156 167 216 216
62 11 191 191 200 200 169 171 147 147 94 97 204 204 138 142 118 118 100 131 155 168 194 194 182 182 182 182 156 167 204 219
63 11 191 191 200 200 167 173 147 147 94 106 204 206 138 142 118 118 100 109 155 168 194 194 182 182 182 182 156 167 207 219
65 11 191 191 200 200 167 173 147 147 97 106 198 206 138 140 118 118 100 116 155 155 194 194 182 195 182 182 156 156 213 219
14 12 191 191 200 200 169 175 147 147 94 97 208 208 138 140 118 118 106 109 164 164 194 194 182 182 182 182 164 164 209 213
15 12 191 191 200 200 165 175 147 147 94 103 198 204 140 148 118 118 106 113 164 164 194 194 182 182 182 182 164 164 207 213
16 12 191 191 200 200 167 175 147 147 94 103 208 208 138 140 118 118 109 109 164 164 206 206 182 182 182 182 164 164 207 213
17 12 191 191 200 200 167 167 147 147 103 103 206 210 140 142 118 118 109 116 155 164 194 206 182 182 182 182 156 164 207 216
18 12 191 191 200 200 167 167 147 147 103 103 206 210 140 142 118 118 109 116 155 164 194 206 182 182 182 182 156 164 207 216
19 12 191 191 200 200 167 169 147 147 97 97 204 204 140 148 118 118 100 116 155 168 194 194 182 182 182 182 156 167 200 216
20 12 191 191 200 200 169 173 147 147 94 97 204 204 142 148 118 118 116 116 168 168 194 194 182 182 182 182 167 167 200 207
21 12 191 191 200 200 167 169 147 147 97 97 204 204 142 148 118 118 100 116 168 168 194 194 182 182 182 182 167 167 207 216
22 12 191 191 200 200 167 167 147 147 94 94 208 208 140 140 118 118 106 109 164 168 206 206 182 182 182 182 164 167 204 213
23 12 191 191 200 200 167 173 147 147 97 97 204 204 142 148 118 118 100 116 155 168 194 194 182 182 182 182 156 167 207 216
68 13 191 191 200 200 169 169 147 147 97 106 198 202 136 138 118 118 103 131 168 168 194 194 182 195 182 182 167 167 213 213
69 13 191 191 200 200 167 173 147 147 94 97 204 204 140 142 118 118 113 113 164 168 194 194 182 195 182 182 164 167 200 204
70 13 191 191 200 200 169 173 147 147 97 106 198 204 138 142 118 118 113 113 155 168 194 194 182 182 182 182 156 167 204 216
71 13 191 191 200 200 167 169 147 147 94 97 204 204 138 140 118 118 113 113 155 168 194 194 182 182 182 182 156 167 204 216
72 13 191 191 200 200 167 173 147 147 94 97 204 204 136 142 118 118 100 113 155 155 194 194 182 182 182 182 156 156 200 219
73 13 191 191 200 200 169 169 147 147 94 106 198 204 138 140 118 118 100 109 168 168 194 194 182 195 182 182 167 167 200 237
74 13 191 191 200 200 165 169 147 147 97 97 204 210 138 138 118 118 100 103 164 168 194 194 182 182 182 182 164 167 207 216
75 13 191 191 200 200 167 169 147 147 94 97 204 204 136 138 118 118 113 113 155 168 194 206 182 182 182 182 156 167 200 216
76 13 191 191 200 200 173 173 147 147 97 97 202 204 138 138 118 118 100 113 155 155 194 206 182 182 182 182 156 156 204 219
78 13 191 191 200 200 167 169 147 147 94 106 204 204 138 142 118 118 113 128 164 168 194 194 182 182 182 182 164 167 204 213
1 14 191 191 200 200 169 173 147 147 87 94 198 198 138 138 118 118 109 113 164 168 194 194 182 182 182 182 164 167 225 225
2 14 191 191 200 200 167 169 147 147 87 94 204 206 138 138 118 118 113 113 164 168 194 206 182 182 182 182 164 167 207 225
13 14 191 191 200 200 169 175 147 147 94 97 198 204 140 140 118 118 113 113 164 164 194 194 182 195 182 182 164 164 225 225
54 14 191 191 200 200 167 169 147 147 87 97 198 206 138 140 118 118 103 116 164 168 194 206 182 182 182 182 164 167 200 207
84 14 191 191 200 200 169 173 147 147 87 94 198 198 138 140 118 118 113 134 164 164 194 194 182 182 182 182 164 164 225 225
109 14 191 191 200 200 173 175 147 147 87 97 204 204 138 140 118 118 113 116 164 171 194 194 182 182 182 182 164 170 207 225
131 14 191 191 200 200 169 175 147 147 97 100 206 206 138 140 118 118 113 128 164 171 194 194 182 182 182 182 164 170 204 207
147 14 191 191 200 200 175 175 147 147 97 100 206 206 138 138 118 118 103 113 164 164 194 194 182 182 182 182 164 164 200 207
149 14 191 191 200 200 167 175 147 147 97 100 198 204 138 140 118 118 103 113 168 171 194 206 182 182 182 182 167 170 207 207
159 14 191 191 200 200 167 169 147 147 94 100 206 206 138 138 118 118 113 113 164 168 194 194 182 182 182 182 164 167 207 225
111 15 191 191 200 200 169 169 147 147 94 97 208 208 140 150 118 118 103 103 164 164 206 206 182 182 182 182 164 164 209 213
112 15 191 191 200 200 169 169 147 147 94 100 208 208 150 150 118 118 100 103 164 164 206 206 182 182 182 182 164 164 209 213
113 15 191 191 200 200 167 167 147 147 94 97 206 208 136 138 118 118 100 113 161 164 194 194 182 182 182 182 161 164 213 213
114 15 191 191 200 200 169 169 147 147 94 94 206 208 138 150 118 118 103 113 161 164 206 206 182 182 182 182 161 164 213 213
115 15 191 191 200 200 167 169 147 147 100 100 206 208 150 150 118 118 113 113 161 161 194 206 182 182 182 182 161 161 213 213
116 15 191 191 200 200 169 169 147 147 84 94 198 208 150 150 118 118 100 103 161 164 194 206 182 182 182 182 161 164 216 228
117 15 191 191 200 200 169 186 147 147 94 100 202 202 150 150 118 118 100 113 161 164 194 194 182 182 182 182 161 164 209 213
118 15 191 191 200 200 169 169 147 147 94 97 208 208 150 150 118 118 103 106 161 164 206 206 182 182 182 182 161 164 204 213
119 15 191 191 200 200 169 169 147 147 94 97 206 208 136 140 118 118 103 113 161 161 194 206 182 182 182 182 160 160 209 213
120 15 191 191 200 200 167 167 147 147 94 97 206 206 138 150 118 118 113 113 161 164 194 206 182 182 182 182 161 164 200 207
24 2 191 191 200 200 167 175 147 147 97 103 204 204 138 140 118 118 93 106 168 168 194 206 182 182 182 182 167 167 197 200
25 2 191 191 200 200 171 173 147 147 97 100 204 204 140 140 118 118 106 109 164 168 194 206 182 182 182 182 164 167 200 200
26 2 191 191 200 200 167 175 147 147 97 103 202 204 138 140 118 118 106 106 164 174 194 206 182 182 182 182 164 173 204 216
27 2 191 191 200 200 169 171 147 147 97 97 204 208 138 140 118 118 -9 -9 -9 -9 194 206 182 182 182 182 164 167 200 204
100 1 191 191 200 200 169 173 147 147 97 100 204 204 138 148 118 118 103 109 164 168 194 206 182 182 182 182 164 167 200 219
140 9 191 191 200 200 169 177 147 147 100 106 206 206 138 140 118 118 106 106 164 164 194 194 182 182 182 182 164 164 200 219
