"PF492" "AguaFriaR" 191 191 200 200 173 173 147 147 100 100 204 204 138 148 118 118 103 103 168 168 194 206 182 182 182 182 167 167 200 216
"PF493" "AguaFriaR" 191 191 200 200 173 173 147 147 97 100 204 206 138 148 118 118 103 103 164 168 194 206 182 182 182 182 164 167 200 216
"PF494" "AguaFriaR" 191 191 200 200 171 175 147 147 100 100 198 204 140 140 118 118 100 103 164 168 194 194 182 195 182 182 164 167 200 213
"PF495" "AguaFriaR" 191 191 200 200 169 175 147 147 97 100 204 198 138 150 118 118 103 106 155 164 194 206 182 182 182 182 156 164 204 222
"PF496" "AguaFriaR" 191 191 200 200 167 169 147 147 97 103 194 204 142 142 118 118 103 109 168 176 194 194 182 182 182 182 167 176 207 213
"PF497" "AguaFriaR" 191 191 200 200 169 177 147 147 94 97 204 204 138 138 118 118 109 109 164 168 194 206 182 182 182 182 164 167 200 219
"PF498" "AguaFriaR" 191 191 200 200 173 175 147 147 97 100 198 204 138 150 118 118 103 103 164 168 194 206 182 182 182 182 164 167 200 204
"PF499" "AguaFriaR" 191 191 200 200 173 173 147 147 97 100 204 204 138 148 118 118 103 103 164 168 206 206 182 182 182 182 164 167 200 200
"PF500" "AguaFriaR" 191 191 200 200 173 177 147 147 100 100 204 206 148 148 118 118 103 106 164 168 194 206 182 182 182 182 164 167 216 216
"PF215" "AlamoL" 191 191 200 200 169 171 147 153 97 100 204 204 140 150 118 118 103 109 164 164 194 194 182 182 182 182 164 164 200 207
"PF216" "AlamoL" 191 191 200 200 167 175 147 153 97 97 204 208 140 140 118 118 119 122 164 164 194 206 182 182 182 182 164 164 200 213
"PF217" "AlamoL" 191 191 200 200 169 175 147 147 97 103 204 208 140 140 118 118 106 128 164 164 194 194 182 182 182 182 164 164 204 207
"PF218" "AlamoL" 191 191 200 200 169 169 147 147 97 103 204 208 140 140 118 118 103 109 161 161 194 194 182 182 182 182 161 161 200 200
"PF219" "AlamoL" 191 191 200 200 169 169 147 153 94 97 204 213 142 142 118 118 103 109 164 168 194 194 182 182 182 182 164 167 200 207
"PF220" "AlamoL" 191 191 200 200 167 171 147 147 97 97 206 208 138 148 118 118 106 109 164 164 194 194 182 182 182 182 164 164 197 200
"PF231" "AlamoL" 191 191 200 200 163 167 147 147 103 106 204 204 138 144 118 118 103 106 168 174 194 194 182 182 182 182 167 173 200 200
"PF232" "AlamoL" 191 191 200 200 167 169 147 147 97 103 213 213 138 142 118 118 106 109 164 168 194 206 182 182 182 182 164 167 200 207
"PF233" "AlamoL" 191 191 200 200 169 175 147 153 94 97 200 204 140 140 118 118 106 128 168 174 194 206 182 182 182 182 167 173 197 200
"PF234" "AlamoL" 191 191 200 200 167 177 147 147 97 103 213 213 138 138 118 118 106 109 164 168 206 206 182 182 182 182 164 167 207 207
"PF235" "AlamoL" 191 197 200 200 171 175 147 147 94 97 204 208 142 148 118 118 106 122 164 168 194 206 182 182 182 182 164 167 200 204
"PF236" "AlamoL" 191 191 200 200 171 171 147 147 97 106 204 204 142 150 118 118 93 103 164 168 194 206 182 182 182 182 164 167 200 200
"PF237" "AlamoL" 191 191 200 200 169 175 147 147 97 112 198 198 138 142 118 118 103 106 161 164 194 194 182 182 182 182 161 164 200 200
"PF238" "AlamoL" 191 191 200 200 169 171 147 147 94 106 204 204 138 148 118 118 106 109 168 171 194 194 182 182 182 182 167 170 200 207
"PF239" "AlamoL" 191 191 200 200 173 173 147 149 94 97 204 204 138 142 118 118 103 106 164 164 194 194 182 182 182 182 164 164 197 207
"PF240" "AlamoL" 191 191 200 200 169 171 147 147 94 106 204 206 138 138 118 118 103 109 171 174 194 194 182 182 182 182 170 173 197 200
"PF81" "Cibola" 191 191 200 200 169 169 147 147 97 97 204 204 140 148 118 118 103 106 164 168 194 206 182 182 182 182 164 167 200 200
"PF82" "Cibola" 191 191 200 200 173 175 147 147 94 97 202 204 140 148 118 118 106 106 164 168 194 206 182 182 182 182 164 167 200 213
"PF83" "Cibola" 191 191 200 200 169 175 147 149 87 97 202 204 138 140 118 118 103 122 164 174 194 194 182 182 182 182 164 173 200 213
"PF84" "Cibola" 191 191 200 200 167 175 147 149 97 97 204 210 148 148 118 118 103 106 164 168 194 206 182 182 182 182 164 167 200 204
"PF85" "Cibola" 191 191 200 200 169 169 147 149 87 97 210 210 138 148 118 118 103 122 168 168 194 194 182 182 182 182 167 167 200 213
"PF86" "Cibola" 191 191 200 200 169 175 149 149 97 97 202 204 138 140 118 118 106 122 168 168 194 194 182 182 182 182 167 167 207 213
"PF87" "Cibola" 191 191 200 200 169 169 147 147 94 97 202 202 138 140 118 118 103 103 168 168 194 206 182 182 182 182 167 167 207 213
"PF88" "Cibola" 191 191 200 200 167 169 147 149 97 97 204 210 140 148 118 118 106 106 164 168 194 206 182 182 182 182 164 167 200 204
"PF89" "Cibola" 191 191 200 200 169 173 147 147 94 97 204 204 140 148 118 118 106 106 161 168 194 206 182 182 182 182 161 167 200 204
"PF90" "Cibola" 191 191 200 200 169 177 147 147 94 97 202 206 140 148 118 118 103 116 168 168 194 206 182 182 182 182 167 167 200 207
"PF31" "FishC" 191 191 200 200 167 177 147 147 94 100 194 206 140 140 118 118 103 113 164 164 194 194 182 195 182 182 164 164 200 204
"PF32" "FishC" 191 191 200 200 175 175 147 147 97 97 198 208 138 140 118 118 93 113 164 164 194 194 182 195 182 182 164 164 200 207
"PF33" "FishC" 191 191 200 200 167 175 147 147 94 100 206 206 136 140 118 118 100 113 164 164 194 206 182 182 182 182 164 164 200 207
"PF34" "FishC" 191 191 200 200 169 169 147 147 94 100 206 206 136 138 118 118 103 113 164 174 194 194 182 182 182 182 164 173 207 222
"PF35" "FishC" 191 191 200 200 169 177 147 147 97 97 198 213 140 140 118 118 106 113 164 164 194 194 182 182 182 182 164 164 207 207
"PF36" "FishC" 191 191 200 200 175 175 147 147 97 97 198 206 140 140 118 118 100 113 164 164 194 194 182 195 182 182 164 164 207 216
"PF37" "FishC" 191 191 200 200 169 175 147 147 97 97 198 206 140 140 118 118 100 113 164 164 194 194 182 182 182 182 164 164 207 216
"PF38" "FishC" 191 191 200 200 167 167 147 147 97 100 204 206 140 142 118 118 106 106 164 164 194 194 182 182 182 182 164 164 200 216
"PF39" "FishC" 191 191 200 200 169 175 147 147 97 100 206 208 138 140 118 118 106 113 164 164 194 206 182 182 182 182 164 164 207 219
"PF40" "FishC" 191 191 200 200 167 175 147 147 97 97 204 206 138 140 118 118 100 109 164 168 194 206 182 182 182 182 164 167 216 216
"PF431" "GilaR" 191 191 200 200 171 171 147 147 94 97 198 202 136 138 118 118 100 109 164 168 194 194 182 182 182 182 164 167 207 216
"PF432" "GilaR" 191 194 200 200 167 175 147 147 97 100 204 204 138 140 118 118 97 109 155 164 206 206 182 182 182 182 156 164 200 213
"PF433" "GilaR" 191 191 200 200 169 169 147 153 94 97 -9 -9 138 140 118 118 97 113 155 164 194 194 182 182 182 182 156 164 200 213
"PF434" "GilaR" 191 191 200 200 169 171 147 147 94 97 204 204 138 138 118 118 97 100 164 164 194 194 182 182 182 182 164 164 207 216
"PF435" "GilaR" 191 191 200 200 167 175 147 147 94 100 -9 -9 -9 -9 118 118 109 109 155 161 194 194 182 182 182 182 -9 -9 195 195
"PF436" "GilaR" 191 191 200 200 167 175 147 147 94 94 204 206 -9 -9 118 118 109 109 155 155 194 194 182 182 182 182 161 164 200 207
"PF437" "GilaR" 191 191 200 200 175 175 147 147 94 100 204 206 -9 -9 118 118 106 109 161 164 194 194 182 182 182 182 -9 -9 -9 -9
"PF438" "GilaR" 191 191 200 200 171 175 147 147 97 97 198 206 136 150 118 118 106 109 155 164 194 194 182 182 182 182 164 164 200 213
"PF439" "GilaR" 191 191 200 200 -9 -9 147 147 97 97 -9 -9 136 138 118 118 100 100 164 168 194 194 182 182 182 182 164 167 200 207
"PF440" "GilaR" 191 191 200 200 167 171 147 147 94 94 204 204 136 138 118 118 106 109 164 168 206 206 182 182 182 182 164 167 200 207
"PF457" "GilaR" 191 191 200 200 169 175 147 147 94 97 204 204 136 138 118 118 100 100 164 168 194 194 182 182 182 182 164 167 207 209
"PF458" "GilaR" 191 191 200 200 167 169 147 147 94 97 198 208 136 138 118 118 100 106 164 168 194 194 182 182 182 182 164 167 207 207
"PF459" "GilaR" 191 191 200 200 169 175 147 147 94 94 204 208 136 138 118 118 100 100 164 168 194 194 182 182 182 182 164 167 207 207
"PF460" "GilaR" 191 191 200 200 169 169 147 147 97 100 204 206 138 138 118 118 97 119 164 168 194 206 182 182 182 182 164 167 200 213
"PF271" "GR3W" 191 191 200 200 167 177 147 147 94 97 198 198 136 152 118 118 100 113 161 168 194 206 182 182 182 182 161 167 213 231
"PF272" "GR3W" 191 191 200 200 167 169 147 147 94 97 198 198 136 152 118 118 100 113 168 168 194 206 182 182 182 182 167 167 216 231
"PF273" "GR3W" 191 191 200 200 167 177 147 147 94 97 198 206 136 152 118 118 113 125 161 168 194 206 182 182 182 182 161 167 213 231
"PF274" "GR3W" 191 191 200 200 171 171 147 153 94 97 202 204 138 146 118 118 100 103 164 164 194 206 182 182 182 182 164 164 200 213
"PF275" "GR3W" 191 191 200 200 167 177 147 147 94 97 198 198 140 144 118 118 113 125 168 168 194 206 182 182 182 182 167 167 216 219
"PF276" "GR3W" 191 191 200 200 167 167 147 147 94 94 198 204 138 140 118 118 109 125 168 174 206 206 182 182 182 182 167 173 216 231
"PF277" "GR3W" 191 191 200 200 167 167 147 147 94 94 198 198 140 152 118 118 100 125 164 168 206 206 182 182 182 182 164 167 219 231
"PF278" "GR3W" 191 191 200 200 167 169 147 147 94 97 198 198 136 140 118 118 100 113 164 168 194 206 182 182 182 182 164 167 213 231
"PF279" "GR3W" 191 191 200 200 167 169 147 147 94 97 198 206 136 140 118 118 100 113 168 168 194 206 182 182 182 182 167 167 213 219
"PF280" "GR3W" 191 191 200 200 167 167 147 147 94 94 198 204 136 140 118 118 100 103 164 164 206 206 182 182 182 182 164 164 207 231
"PF101" "HassyampaR" 191 191 200 200 167 171 147 151 87 97 198 204 140 142 118 118 113 119 161 164 194 206 182 182 182 182 161 164 200 200
"PF102" "HassyampaR" 191 191 200 200 167 169 147 153 97 100 194 204 140 142 118 118 103 113 164 164 206 206 182 182 182 182 164 164 200 200
"PF103" "HassyampaR" 191 191 200 200 171 177 147 153 100 103 198 206 140 140 118 118 100 109 164 168 194 206 182 182 182 182 164 167 200 200
"PF104" "HassyampaR" 191 191 200 200 169 171 147 147 97 100 198 202 138 142 118 118 109 113 164 164 194 194 182 182 182 182 164 164 200 216
"PF105" "HassyampaR" 191 191 200 200 167 171 147 147 94 100 204 206 140 142 118 118 100 103 164 168 206 206 182 182 182 182 164 167 200 209
"PF106" "HassyampaR" 191 191 200 200 169 177 147 147 97 97 204 208 140 142 118 118 100 106 168 168 194 206 182 182 182 182 167 167 200 213
"PF107" "HassyampaR" 191 191 200 200 167 169 147 153 97 103 198 204 138 142 118 118 109 113 168 168 194 194 182 182 182 182 167 167 200 213
"PF108" "HassyampaR" 191 191 200 200 169 177 153 153 100 100 198 204 138 140 118 118 103 109 168 168 206 206 182 182 182 182 167 167 200 216
"PF109" "HassyampaR" 191 191 200 200 171 177 147 147 94 100 198 204 140 142 118 118 100 113 164 168 206 206 182 182 182 182 164 167 200 207
"PF110" "HassyampaR" 191 191 200 200 167 177 147 147 87 94 204 208 140 142 118 118 100 109 168 168 194 206 182 182 182 182 167 167 200 213
"PF571" "MittryL" 191 191 200 200 173 175 147 147 94 100 206 206 136 140 118 118 97 119 164 164 194 194 182 182 182 182 164 164 213 225
"PF572" "MittryL" 191 191 200 200 163 173 147 147 94 97 204 206 140 140 118 118 103 109 164 164 194 206 182 182 182 182 164 164 200 222
"PF573" "MittryL" 191 191 200 200 173 175 147 147 97 103 204 206 140 142 118 118 100 116 164 168 194 206 182 182 182 182 164 167 200 200
"PF574" "MittryL" 191 191 200 200 169 175 147 147 97 103 206 208 138 144 118 118 97 109 164 164 194 206 182 182 182 182 164 164 216 216
"PF575" "MittryL" 191 191 200 200 169 175 147 147 97 103 206 208 138 144 118 118 97 109 164 164 194 206 182 182 182 182 164 164 216 216
"PF576" "MittryL" 191 191 200 200 169 175 147 147 97 103 206 208 138 144 118 118 97 109 164 164 194 206 182 182 182 182 164 164 216 216
"PF577" "MittryL" 191 191 200 200 167 181 147 147 103 106 194 206 138 140 118 118 106 109 164 164 206 206 182 182 182 182 164 164 204 207
"PF578" "MittryL" 191 191 200 200 169 175 147 147 97 103 206 208 138 144 118 118 97 109 164 164 194 206 182 182 182 182 164 164 216 216
"PF579" "MittryL" 191 191 200 200 169 175 147 147 97 103 206 208 138 144 118 118 97 109 164 164 194 206 182 182 182 182 164 164 216 216
"PF580" "MittryL" 191 191 200 200 169 175 147 147 97 103 206 208 138 144 118 118 97 109 164 164 194 206 182 182 182 182 161 164 216 216
"PF622" "PaloVerde" 191 191 200 200 169 175 147 147 100 100 206 206 138 138 118 118 106 106 161 164 194 206 182 182 182 182 161 164 200 213
"PF625" "PaloVerde" 191 197 200 200 169 169 147 147 97 100 204 204 138 148 118 118 103 106 164 171 194 194 182 182 182 182 164 170 200 200
"PF626" "PaloVerde" 191 197 200 200 169 179 147 147 94 103 206 206 140 140 118 118 106 109 164 168 206 206 182 182 182 182 164 167 200 200
"PF628" "PaloVerde" 191 191 200 200 167 171 147 147 100 106 204 208 138 148 118 118 106 106 164 168 194 194 182 182 182 182 164 167 200 213
"PF629" "PaloVerde" 191 191 200 200 169 169 147 147 94 103 206 208 140 140 118 118 106 106 164 168 194 194 182 182 182 182 164 167 200 213
"PF61" "RooseveltL" 191 191 200 200 175 175 147 147 97 100 206 206 140 140 118 118 100 109 164 164 206 206 182 182 182 182 164 164 200 200
"PF62" "RooseveltL" 191 191 200 200 169 175 147 147 97 100 194 204 138 144 118 118 100 140 164 168 194 194 182 182 182 182 164 167 200 207
"PF63" "RooseveltL" 191 191 200 200 167 169 147 147 97 103 198 204 138 142 118 118 103 106 164 168 194 206 182 182 182 182 164 167 207 222
"PF64" "RooseveltL" 191 191 200 200 167 175 147 147 97 97 204 206 142 148 118 118 97 106 164 164 194 206 182 182 182 182 164 164 200 207
"PF65" "RooseveltL" 191 191 200 200 169 175 147 147 97 97 204 206 140 140 118 118 103 103 164 164 194 206 182 182 182 182 164 164 200 200
"PF66" "RooseveltL" 191 191 200 200 169 175 147 147 100 106 198 204 140 140 118 118 100 103 164 164 194 194 182 182 182 182 164 164 200 204
"PF67" "RooseveltL" 191 191 200 200 169 173 147 147 97 97 206 208 138 140 118 118 100 113 164 171 206 206 182 182 182 182 164 170 204 225
"PF68" "RooseveltL" 191 191 200 200 169 175 147 147 94 100 204 204 138 138 118 118 100 109 161 171 194 206 182 182 182 182 161 170 204 207
"PF69" "RooseveltL" 191 191 200 200 169 175 147 147 97 103 204 204 140 140 118 123 106 106 164 164 194 206 182 182 182 182 164 164 207 225
"PF70" "RooseveltL" 191 191 200 200 169 175 147 147 94 94 194 198 140 140 118 118 100 113 168 168 194 194 182 182 182 182 167 167 200 200
"PF301" "SanPedroR" 191 191 200 200 167 167 147 147 97 97 202 204 138 142 118 118 116 128 155 164 194 206 182 182 182 182 156 164 216 219
"PF302" "SanPedroR" 191 191 200 200 167 173 147 147 97 97 204 208 138 138 118 118 109 113 155 168 194 194 182 182 182 182 156 167 207 219
"PF303" "SanPedroR" 191 191 200 200 169 171 147 147 94 94 202 204 140 142 118 118 113 116 155 168 194 194 182 182 182 182 156 167 200 216
"PF304" "SanPedroR" 191 191 200 200 171 171 147 147 94 106 198 204 138 140 118 118 106 113 164 168 194 206 182 182 182 182 164 167 204 219
"PF305" "SanPedroR" 191 191 200 200 169 175 147 147 106 106 198 204 138 140 118 118 100 113 155 168 194 206 182 182 182 182 156 167 213 216
"PF306" "SanPedroR" 191 191 200 200 167 169 147 147 97 106 204 204 138 140 118 118 100 113 168 168 194 194 182 182 182 182 167 167 207 216
"PF307" "SanPedroR" 191 191 200 200 167 173 147 147 94 97 204 208 140 140 118 118 100 131 155 168 194 194 182 195 182 182 156 167 216 216
"PF308" "SanPedroR" 191 191 200 200 169 171 147 147 94 97 204 204 138 142 118 118 100 131 155 168 194 194 182 182 182 182 156 167 204 219
"PF309" "SanPedroR" 191 191 200 200 167 173 147 147 94 106 204 206 138 142 118 118 100 109 155 168 194 194 182 182 182 182 156 167 207 219
"PF310" "SanPedroR" 191 191 200 200 167 173 147 147 97 106 198 206 138 140 118 118 100 116 155 155 194 194 182 195 182 182 156 156 213 219
"PF201" "SantaCruzR" 191 191 200 200 169 175 147 147 94 97 208 208 138 140 118 118 106 109 164 164 194 194 182 182 182 182 164 164 209 213
"PF202" "SantaCruzR" 191 191 200 200 165 175 147 147 94 103 198 204 140 148 118 118 106 113 164 164 194 194 182 182 182 182 164 164 207 213
"PF203" "SantaCruzR" 191 191 200 200 167 175 147 147 94 103 208 208 138 140 118 118 109 109 164 164 206 206 182 182 182 182 164 164 207 213
"PF204" "SantaCruzR" 191 191 200 200 167 167 147 147 103 103 206 210 140 142 118 118 109 116 155 164 194 206 182 182 182 182 156 164 207 216
"PF205" "SantaCruzR" 191 191 200 200 167 167 147 147 103 103 206 210 140 142 118 118 109 116 155 164 194 206 182 182 182 182 156 164 207 216
"PF206" "SantaCruzR" 191 191 200 200 167 169 147 147 97 97 204 204 140 148 118 118 100 116 155 168 194 194 182 182 182 182 156 167 200 216
"PF207" "SantaCruzR" 191 191 200 200 169 173 147 147 94 97 204 204 142 148 118 118 116 116 168 168 194 194 182 182 182 182 167 167 200 207
"PF208" "SantaCruzR" 191 191 200 200 167 169 147 147 97 97 204 204 142 148 118 118 100 116 168 168 194 194 182 182 182 182 167 167 207 216
"PF209" "SantaCruzR" 191 191 200 200 167 167 147 147 94 94 208 208 140 140 118 118 106 109 164 168 206 206 182 182 182 182 164 167 204 213
"PF210" "SantaCruzR" 191 191 200 200 167 173 147 147 97 97 204 204 142 148 118 118 100 116 155 168 194 194 182 182 182 182 156 167 207 216
"PF331" "SonoitaC" 191 191 200 200 169 169 147 147 97 106 198 202 136 138 118 118 103 131 168 168 194 194 182 195 182 182 167 167 213 213
"PF332" "SonoitaC" 191 191 200 200 167 173 147 147 94 97 204 204 140 142 118 118 113 113 164 168 194 194 182 195 182 182 164 167 200 204
"PF333" "SonoitaC" 191 191 200 200 169 173 147 147 97 106 198 204 138 142 118 118 113 113 155 168 194 194 182 182 182 182 156 167 204 216
"PF334" "SonoitaC" 191 191 200 200 167 169 147 147 94 97 204 204 138 140 118 118 113 113 155 168 194 194 182 182 182 182 156 167 204 216
"PF335" "SonoitaC" 191 191 200 200 167 173 147 147 94 97 204 204 136 142 118 118 100 113 155 155 194 194 182 182 182 182 156 156 200 219
"PF336" "SonoitaC" 191 191 200 200 169 169 147 147 94 106 198 204 138 140 118 118 100 109 168 168 194 194 182 195 182 182 167 167 200 237
"PF337" "SonoitaC" 191 191 200 200 165 169 147 147 97 97 204 210 138 138 118 118 100 103 164 168 194 194 182 182 182 182 164 167 207 216
"PF338" "SonoitaC" 191 191 200 200 167 169 147 147 94 97 204 204 136 138 118 118 113 113 155 168 194 206 182 182 182 182 156 167 200 216
"PF339" "SonoitaC" 191 191 200 200 173 173 147 147 97 97 202 204 138 138 118 118 100 113 155 155 194 206 182 182 182 182 156 156 204 219
"PF340" "SonoitaC" 191 191 200 200 167 169 147 147 94 106 204 204 138 142 118 118 113 128 164 168 194 194 182 182 182 182 164 167 204 213
"PF1" "VerdeR" 191 191 200 200 169 173 147 147 87 94 198 198 138 138 118 118 109 113 164 168 194 194 182 182 182 182 164 167 225 225
"PF10" "VerdeR" 191 191 200 200 167 169 147 147 87 94 204 206 138 138 118 118 113 113 164 168 194 206 182 182 182 182 164 167 207 225
"PF2" "VerdeR" 191 191 200 200 169 175 147 147 94 97 198 204 140 140 118 118 113 113 164 164 194 194 182 195 182 182 164 164 225 225
"PF3" "VerdeR" 191 191 200 200 167 169 147 147 87 97 198 206 138 140 118 118 103 116 164 168 194 206 182 182 182 182 164 167 200 207
"PF4" "VerdeR" 191 191 200 200 169 173 147 147 87 94 198 198 138 140 118 118 113 134 164 164 194 194 182 182 182 182 164 164 225 225
"PF5" "VerdeR" 191 191 200 200 173 175 147 147 87 97 204 204 138 140 118 118 113 116 164 171 194 194 182 182 182 182 164 170 207 225
"PF6" "VerdeR" 191 191 200 200 169 175 147 147 97 100 206 206 138 140 118 118 113 128 164 171 194 194 182 182 182 182 164 170 204 207
"PF7" "VerdeR" 191 191 200 200 175 175 147 147 97 100 206 206 138 138 118 118 103 113 164 164 194 194 182 182 182 182 164 164 200 207
"PF8" "VerdeR" 191 191 200 200 167 175 147 147 97 100 198 204 138 140 118 118 103 113 168 171 194 206 182 182 182 182 167 170 207 207
"PF9" "VerdeR" 191 191 200 200 167 169 147 147 94 100 206 206 138 138 118 118 113 113 164 168 194 194 182 182 182 182 164 167 207 225
"PF541" "VirginR" 191 191 200 200 169 169 147 147 94 97 208 208 140 150 118 118 103 103 164 164 206 206 182 182 182 182 164 164 209 213
"PF542" "VirginR" 191 191 200 200 169 169 147 147 94 100 208 208 150 150 118 118 100 103 164 164 206 206 182 182 182 182 164 164 209 213
"PF543" "VirginR" 191 191 200 200 167 167 147 147 94 97 206 208 136 138 118 118 100 113 161 164 194 194 182 182 182 182 161 164 213 213
"PF544" "VirginR" 191 191 200 200 169 169 147 147 94 94 206 208 138 150 118 118 103 113 161 164 206 206 182 182 182 182 161 164 213 213
"PF545" "VirginR" 191 191 200 200 167 169 147 147 100 100 206 208 150 150 118 118 113 113 161 161 194 206 182 182 182 182 161 161 213 213
"PF546" "VirginR" 191 191 200 200 169 169 147 147 84 94 198 208 150 150 118 118 100 103 161 164 194 206 182 182 182 182 161 164 216 228
"PF547" "VirginR" 191 191 200 200 169 186 147 147 94 100 202 202 150 150 118 118 100 113 161 164 194 194 182 182 182 182 161 164 209 213
"PF548" "VirginR" 191 191 200 200 169 169 147 147 94 97 208 208 150 150 118 118 103 106 161 164 206 206 182 182 182 182 161 164 204 213
"PF549" "VirginR" 191 191 200 200 169 169 147 147 94 97 206 208 136 140 118 118 103 113 161 161 194 206 182 182 182 182 160 160 209 213
"PF550" "VirginR" 191 191 200 200 167 167 147 147 94 97 206 206 138 150 118 118 113 113 161 164 194 206 182 182 182 182 161 164 200 207
"PF211" "AlamoL" 191 191 200 200 167 175 147 147 97 103 204 204 138 140 118 118 93 106 168 168 194 206 182 182 182 182 167 167 197 200
"PF212" "AlamoL" 191 191 200 200 171 173 147 147 97 100 204 204 140 140 118 118 106 109 164 168 194 206 182 182 182 182 164 167 200 200
"PF213" "AlamoL" 191 191 200 200 167 175 147 147 97 103 202 204 138 140 118 118 106 106 164 174 194 206 182 182 182 182 164 173 204 216
"PF214" "AlamoL" 191 191 200 200 169 171 147 147 97 97 204 208 138 140 118 118 -9 -9 -9 -9 194 206 182 182 182 182 164 167 200 204
"PF491" "AguaFriaR" 191 191 200 200 169 173 147 147 97 100 204 204 138 148 118 118 103 109 164 168 194 206 182 182 182 182 164 167 200 219
"PF637" "PaloVerde" 191 191 200 200 169 177 147 147 100 106 206 206 138 140 118 118 106 106 164 164 194 194 182 182 182 182 164 164 200 219
